#!/usr/bin/env ruby

require 'rubygems'
require 'ninja_rope'

game = Game.new
timer = 0
game.scenario = 
"2354 102,305
2957 169,307
3652 260,307
4351 371,303
5143 453,310
5731 509,317
6317 596,299
6746 624,307
7547 710,364
8074 713,450
8587 718,512
9019 567,540
9548 430,527
10076 190,519
10487 87,519
10903 43,399
11381 63,302
11766 66,208
12111 79,114
12533 107,74
12866 203,46
13209 346,48
13524 557,88
13866 682,112
14197 718,167
14603 715,201
14932 704,275
15143 704,288
15566 680,361
15891 655,385
16201 646,435
16449 604,510
16767 376,548
17123 331,496
17241 537,350
17467 655,256
17757 662,224
18284 647,158
18526 539,284
18660 196,571
19077 167,572
19280 170,562
19512 181,535
19740 255,454
19853 439,281
20095 598,53
20509 591,61
20729 565,77
20945 553,92
21168 521,144
21400 63,575
21538 34,588
21760 71,546
22080 77,539
22366 74,542
22579 75,536
22848 462,3
23342 541,75
23755 490,76
23917 471,65
24221 412,90
24348 361,110
24522 302,131
24817 263,150
24986 211,194
25287 199,216
25655 178,260
25902 169,294
25902 168,321
26145 169,349
26361 178,381
26589 182,451
27119 169,523
27428 227,591
27670 278,584
27913 347,582
28025 384,581
28242 438,584
28456 456,575
28881 526,581
29102 537,577
29421 563,564
29869 557,439
30103 491,413
30319 233,344
30676 257,238
30898 291,208
31536 408,281
31750 417,305
31985 425,303
32211 466,270
32648 502,188
32771 524,168
33092 587,170
33310 603,195
33555 627,252
33675 643,299
33898 641,348
34132 649,408
34369 654,458
34593 623,495
34827 520,532
35063 467,532
35288 357,526
35504 292,518
35823 267,518
37659 321,128
38236 327,322
38694 493,325
39258 534,172
39709 458,119
40149 315,134
40485 131,201
41014 166,292
41425 178,412
41836 256,489
42179 407,487
42584 575,484
43003 716,458
43330 730,323
43742 705,210
44174 697,132
44589 510,38
44915 388,40
45353 153,23
45670 94,57
46096 72,164
46424 125,317
46834 176,378
47186 254,281
47394 287,216
47616 325,345
47749 320,429
47971 337,470
48296 392,397
48747 426,164
48853 468,216
49084 512,333
49217 547,428
49829 566,126
50079 592,187
50301 592,321
51061 677,164
51285 691,291
52351 563,137
52457 498,255
52795 455,476
53434 303,192
53680 256,306
54011 175,488
54673 143,120
54896 79,207
55126 169,463
56260 45,581
56478 122,505
56710 291,379
56841 369,325
57181 551,196
58169 154,86
58277 250,126
58491 363,142
58811 184,217
59041 413,224
59361 243,306
59566 236,320
59668 324,323
59996 358,341
60228 238,399
60441 205,423
60668 175,454
60882 292,452
61111 236,516
61323 219,554
"
"6210 450,318
7164 401,345
7867 401,345
8587 401,345
9358 297,104
10115 540,121
10994 266,272
11769 497,371
12534 493,205
13365 292,158
14121 711,354
14898 502,439
15669 175,316
16409 136,203
17158 161,140
18029 227,118
18675 352,116
19008 407,119
19355 490,155
19705 532,209
19976 490,308
20093 417,331
20231 351,296
20473 348,241
20602 376,218
20855 445,211
20969 502,266
21114 468,349
21352 402,408
21498 316,411
21747 209,307
21864 205,200
22085 206,184
22563 173,290
23436 373,342
24064 373,342
24912 370,273
25546 369,229
26193 258,196
26881 146,218
27527 101,408
28234 457,512
29042 639,354
29765 560,301
30480 450,335
30783 373,338
31214 242,338
31533 176,305
31772 200,214
32088 318,158
32430 450,145
32803 566,266
33132 438,468
33482 308,467
33900 284,371
34243 381,304
34678 488,276
34983 489,253
35383 443,244
35630 367,243
35945 315,243
36244 314,243
36342 314,243
36575 314,243
36678 308,260
36905 429,395
37025 472,432
37250 548,411
37388 569,311
37631 518,206
37739 438,159
37957 388,161
38613 105,494
38860 240,515
38991 392,409
39103 582,259
39422 625,209
39540 586,171
39788 479,186"
  ((1..12).map { |x|
    (1..14).map { |y|
      timer += 100
      "#{timer} #{x},#{y}"
    }
  } +
  (1..100).map { |i|
    timer += 100
    "#{timer} #{rand 30},#{rand 25}"
  }).join("\n")
game.start
while not game.end?
  game.update
end
